+-------------------------------------------------------------------------------------------------------------------------------------------------------------------------------------------------------------------------------------------------------------------------------------------------------+
; Legal Partition Candidates                                                                                                                                                                                                                                                                            ;
+--------------------------------------------------------------------------------------------------+-------+----------------+--------------+----------------+--------+-----------------+---------------+-----------------+-------+----------------+--------------+------------------+-------------------+
; Hierarchy                                                                                        ; Input ; Constant Input ; Unused Input ; Floating Input ; Output ; Constant Output ; Unused Output ; Floating Output ; Bidir ; Constant Bidir ; Unused Bidir ; Input only Bidir ; Output only Bidir ;
+--------------------------------------------------------------------------------------------------+-------+----------------+--------------+----------------+--------+-----------------+---------------+-----------------+-------+----------------+--------------+------------------+-------------------+
; counter_unit                                                                                     ; 55    ; 33             ; 12           ; 33             ; 33     ; 33              ; 33            ; 33              ; 0     ; 0              ; 0            ; 0                ; 0                 ;
; dis7seg_unit                                                                                     ; 55    ; 42             ; 12           ; 42             ; 98     ; 42              ; 42            ; 42              ; 0     ; 0              ; 0            ; 0                ; 0                 ;
; con1                                                                                             ; 19    ; 12             ; 0            ; 12             ; 61     ; 12              ; 12            ; 12              ; 0     ; 0              ; 0            ; 0                ; 0                 ;
; kam1                                                                                             ; 18    ; 0              ; 5            ; 0              ; 22     ; 0               ; 0             ; 0               ; 0     ; 0              ; 0            ; 0                ; 0                 ;
; tp_ram0                                                                                          ; 46    ; 0              ; 0            ; 0              ; 16     ; 0               ; 0             ; 0               ; 0     ; 0              ; 0            ; 0                ; 0                 ;
; dp_ram0                                                                                          ; 50    ; 48             ; 0            ; 48             ; 48     ; 48              ; 48            ; 48              ; 0     ; 0              ; 0            ; 0                ; 0                 ;
; camd5m_init_unit                                                                                 ; 2     ; 1              ; 0            ; 1              ; 20     ; 1               ; 1             ; 1               ; 1     ; 0              ; 0            ; 0                ; 0                 ;
; svgactrl0|ahb_master                                                                             ; 161   ; 340            ; 52           ; 340            ; 418    ; 340             ; 340           ; 340             ; 0     ; 0              ; 0            ; 0                ; 0                 ;
; svgactrl0|clutram|\alt:x0|u0|auto_generated                                                      ; 69    ; 0              ; 0            ; 0              ; 48     ; 0               ; 0             ; 0               ; 0     ; 0              ; 0            ; 0                ; 0                 ;
; svgactrl0|clutram|\alt:x0                                                                        ; 70    ; 49             ; 1            ; 49             ; 48     ; 49              ; 49            ; 49              ; 0     ; 0              ; 0            ; 0                ; 0                 ;
; svgactrl0|clutram                                                                                ; 44    ; 0              ; 0            ; 0              ; 24     ; 0               ; 0             ; 0               ; 0     ; 0              ; 0            ; 0                ; 0                 ;
; svgactrl0|ram0|\alt:x0|u0|auto_generated                                                         ; 89    ; 0              ; 0            ; 0              ; 64     ; 0               ; 0             ; 0               ; 0     ; 0              ; 0            ; 0                ; 0                 ;
; svgactrl0|ram0|\alt:x0                                                                           ; 90    ; 65             ; 1            ; 65             ; 64     ; 65              ; 65            ; 65              ; 0     ; 0              ; 0            ; 0                ; 0                 ;
; svgactrl0|ram0                                                                                   ; 56    ; 2              ; 0            ; 2              ; 32     ; 2               ; 2             ; 2               ; 0     ; 0              ; 0            ; 0                ; 0                 ;
; svgactrl0                                                                                        ; 209   ; 103            ; 79           ; 103            ; 533    ; 103             ; 103           ; 103             ; 0     ; 0              ; 0            ; 0                ; 0                 ;
; sd_pad|\v:0:x0                                                                                   ; 2     ; 0              ; 0            ; 0              ; 1      ; 0               ; 0             ; 0               ; 1     ; 0              ; 0            ; 0                ; 0                 ;
; sd_pad|\v:1:x0                                                                                   ; 2     ; 0              ; 0            ; 0              ; 1      ; 0               ; 0             ; 0               ; 1     ; 0              ; 0            ; 0                ; 0                 ;
; sd_pad|\v:2:x0                                                                                   ; 2     ; 0              ; 0            ; 0              ; 1      ; 0               ; 0             ; 0               ; 1     ; 0              ; 0            ; 0                ; 0                 ;
; sd_pad|\v:3:x0                                                                                   ; 2     ; 0              ; 0            ; 0              ; 1      ; 0               ; 0             ; 0               ; 1     ; 0              ; 0            ; 0                ; 0                 ;
; sd_pad|\v:4:x0                                                                                   ; 2     ; 0              ; 0            ; 0              ; 1      ; 0               ; 0             ; 0               ; 1     ; 0              ; 0            ; 0                ; 0                 ;
; sd_pad|\v:5:x0                                                                                   ; 2     ; 0              ; 0            ; 0              ; 1      ; 0               ; 0             ; 0               ; 1     ; 0              ; 0            ; 0                ; 0                 ;
; sd_pad|\v:6:x0                                                                                   ; 2     ; 0              ; 0            ; 0              ; 1      ; 0               ; 0             ; 0               ; 1     ; 0              ; 0            ; 0                ; 0                 ;
; sd_pad|\v:7:x0                                                                                   ; 2     ; 0              ; 0            ; 0              ; 1      ; 0               ; 0             ; 0               ; 1     ; 0              ; 0            ; 0                ; 0                 ;
; sd_pad|\v:8:x0                                                                                   ; 2     ; 0              ; 0            ; 0              ; 1      ; 0               ; 0             ; 0               ; 1     ; 0              ; 0            ; 0                ; 0                 ;
; sd_pad|\v:9:x0                                                                                   ; 2     ; 0              ; 0            ; 0              ; 1      ; 0               ; 0             ; 0               ; 1     ; 0              ; 0            ; 0                ; 0                 ;
; sd_pad|\v:10:x0                                                                                  ; 2     ; 0              ; 0            ; 0              ; 1      ; 0               ; 0             ; 0               ; 1     ; 0              ; 0            ; 0                ; 0                 ;
; sd_pad|\v:11:x0                                                                                  ; 2     ; 0              ; 0            ; 0              ; 1      ; 0               ; 0             ; 0               ; 1     ; 0              ; 0            ; 0                ; 0                 ;
; sd_pad|\v:12:x0                                                                                  ; 2     ; 0              ; 0            ; 0              ; 1      ; 0               ; 0             ; 0               ; 1     ; 0              ; 0            ; 0                ; 0                 ;
; sd_pad|\v:13:x0                                                                                  ; 2     ; 0              ; 0            ; 0              ; 1      ; 0               ; 0             ; 0               ; 1     ; 0              ; 0            ; 0                ; 0                 ;
; sd_pad|\v:14:x0                                                                                  ; 2     ; 0              ; 0            ; 0              ; 1      ; 0               ; 0             ; 0               ; 1     ; 0              ; 0            ; 0                ; 0                 ;
; sd_pad|\v:15:x0                                                                                  ; 2     ; 0              ; 0            ; 0              ; 1      ; 0               ; 0             ; 0               ; 1     ; 0              ; 0            ; 0                ; 0                 ;
; sd_pad|\v:16:x0                                                                                  ; 2     ; 0              ; 0            ; 0              ; 1      ; 0               ; 0             ; 0               ; 1     ; 0              ; 0            ; 0                ; 0                 ;
; sd_pad|\v:17:x0                                                                                  ; 2     ; 0              ; 0            ; 0              ; 1      ; 0               ; 0             ; 0               ; 1     ; 0              ; 0            ; 0                ; 0                 ;
; sd_pad|\v:18:x0                                                                                  ; 2     ; 0              ; 0            ; 0              ; 1      ; 0               ; 0             ; 0               ; 1     ; 0              ; 0            ; 0                ; 0                 ;
; sd_pad|\v:19:x0                                                                                  ; 2     ; 0              ; 0            ; 0              ; 1      ; 0               ; 0             ; 0               ; 1     ; 0              ; 0            ; 0                ; 0                 ;
; sd_pad|\v:20:x0                                                                                  ; 2     ; 0              ; 0            ; 0              ; 1      ; 0               ; 0             ; 0               ; 1     ; 0              ; 0            ; 0                ; 0                 ;
; sd_pad|\v:21:x0                                                                                  ; 2     ; 0              ; 0            ; 0              ; 1      ; 0               ; 0             ; 0               ; 1     ; 0              ; 0            ; 0                ; 0                 ;
; sd_pad|\v:22:x0                                                                                  ; 2     ; 0              ; 0            ; 0              ; 1      ; 0               ; 0             ; 0               ; 1     ; 0              ; 0            ; 0                ; 0                 ;
; sd_pad|\v:23:x0                                                                                  ; 2     ; 0              ; 0            ; 0              ; 1      ; 0               ; 0             ; 0               ; 1     ; 0              ; 0            ; 0                ; 0                 ;
; sd_pad|\v:24:x0                                                                                  ; 2     ; 0              ; 0            ; 0              ; 1      ; 0               ; 0             ; 0               ; 1     ; 0              ; 0            ; 0                ; 0                 ;
; sd_pad|\v:25:x0                                                                                  ; 2     ; 0              ; 0            ; 0              ; 1      ; 0               ; 0             ; 0               ; 1     ; 0              ; 0            ; 0                ; 0                 ;
; sd_pad|\v:26:x0                                                                                  ; 2     ; 0              ; 0            ; 0              ; 1      ; 0               ; 0             ; 0               ; 1     ; 0              ; 0            ; 0                ; 0                 ;
; sd_pad|\v:27:x0                                                                                  ; 2     ; 0              ; 0            ; 0              ; 1      ; 0               ; 0             ; 0               ; 1     ; 0              ; 0            ; 0                ; 0                 ;
; sd_pad|\v:28:x0                                                                                  ; 2     ; 0              ; 0            ; 0              ; 1      ; 0               ; 0             ; 0               ; 1     ; 0              ; 0            ; 0                ; 0                 ;
; sd_pad|\v:29:x0                                                                                  ; 2     ; 0              ; 0            ; 0              ; 1      ; 0               ; 0             ; 0               ; 1     ; 0              ; 0            ; 0                ; 0                 ;
; sd_pad|\v:30:x0                                                                                  ; 2     ; 0              ; 0            ; 0              ; 1      ; 0               ; 0             ; 0               ; 1     ; 0              ; 0            ; 0                ; 0                 ;
; sd_pad|\v:31:x0                                                                                  ; 2     ; 0              ; 0            ; 0              ; 1      ; 0               ; 0             ; 0               ; 1     ; 0              ; 0            ; 0                ; 0                 ;
; sd_pad                                                                                           ; 64    ; 0              ; 0            ; 0              ; 32     ; 0               ; 0             ; 0               ; 32    ; 0              ; 0            ; 0                ; 0                 ;
; sdctrl_inst                                                                                      ; 287   ; 644            ; 73           ; 644            ; 655    ; 644             ; 644           ; 644             ; 0     ; 0              ; 0            ; 0                ; 0                 ;
; apb_bridge                                                                                       ; 2254  ; 2287           ; 52           ; 2287           ; 462    ; 2287            ; 2287          ; 2287            ; 0     ; 0              ; 0            ; 0                ; 0                 ;
; ahb0                                                                                             ; 11446 ; 9967           ; 492          ; 9967           ; 228    ; 9967            ; 9967          ; 9967            ; 0     ; 0              ; 0            ; 0                ; 0                 ;
; spear_unit|\ena_amba:amba_unit|ASM_0                                                             ; 148   ; 27             ; 0            ; 27             ; 159    ; 27              ; 27            ; 27              ; 0     ; 0              ; 0            ; 0                ; 0                 ;
; spear_unit|\ena_amba:amba_unit                                                                   ; 150   ; 1              ; 1            ; 1              ; 158    ; 1               ; 1             ; 1               ; 0     ; 0              ; 0            ; 0                ; 0                 ;
; spear_unit|\ena_amba:ambadram_unit|dram_unit|\ramcfg:ram3                                        ; 23    ; 0              ; 0            ; 0              ; 8      ; 0               ; 0             ; 0               ; 0     ; 0              ; 0            ; 0                ; 0                 ;
; spear_unit|\ena_amba:ambadram_unit|dram_unit|\ramcfg:ram2                                        ; 23    ; 0              ; 0            ; 0              ; 8      ; 0               ; 0             ; 0               ; 0     ; 0              ; 0            ; 0                ; 0                 ;
; spear_unit|\ena_amba:ambadram_unit|dram_unit|ram1                                                ; 23    ; 0              ; 0            ; 0              ; 8      ; 0               ; 0             ; 0               ; 0     ; 0              ; 0            ; 0                ; 0                 ;
; spear_unit|\ena_amba:ambadram_unit|dram_unit|ram0                                                ; 23    ; 0              ; 0            ; 0              ; 8      ; 0               ; 0             ; 0               ; 0     ; 0              ; 0            ; 0                ; 0                 ;
; spear_unit|\ena_amba:ambadram_unit|dram_unit                                                     ; 45    ; 0              ; 0            ; 0              ; 32     ; 0               ; 0             ; 0               ; 0     ; 0              ; 0            ; 0                ; 0                 ;
; spear_unit|\ena_amba:ambadram_unit                                                               ; 100   ; 0              ; 11           ; 0              ; 65     ; 0               ; 0             ; 0               ; 0     ; 0              ; 0            ; 0                ; 0                 ;
; spear_unit|ext_miniUART_unit|miniUART_busdriver_unit                                             ; 7     ; 0              ; 0            ; 0              ; 2      ; 0               ; 0             ; 0               ; 0     ; 0              ; 0            ; 0                ; 0                 ;
; spear_unit|ext_miniUART_unit|miniUART_BRG_unit                                                   ; 20    ; 0              ; 0            ; 0              ; 2      ; 0               ; 0             ; 0               ; 0     ; 0              ; 0            ; 0                ; 0                 ;
; spear_unit|ext_miniUART_unit|miniUART_receiver_unit                                              ; 11    ; 0              ; 0            ; 0              ; 22     ; 0               ; 0             ; 0               ; 0     ; 0              ; 0            ; 0                ; 0                 ;
; spear_unit|ext_miniUART_unit|miniUART_transmitter_unit                                           ; 26    ; 0              ; 0            ; 0              ; 3      ; 0               ; 0             ; 0               ; 0     ; 0              ; 0            ; 0                ; 0                 ;
; spear_unit|ext_miniUART_unit|miniUART_control_unit                                               ; 30    ; 0              ; 0            ; 0              ; 23     ; 0               ; 0             ; 0               ; 0     ; 0              ; 0            ; 0                ; 0                 ;
; spear_unit|ext_miniUART_unit                                                                     ; 56    ; 0              ; 12           ; 0              ; 34     ; 0               ; 0             ; 0               ; 0     ; 0              ; 0            ; 0                ; 0                 ;
; spear_unit|\use_prog_gen:prog_unit                                                               ; 57    ; 16             ; 12           ; 16             ; 68     ; 16              ; 16            ; 16              ; 0     ; 0              ; 0            ; 0                ; 0                 ;
; spear_unit|\use_prog_gen:iram_unit                                                               ; 52    ; 0              ; 0            ; 0              ; 16     ; 0               ; 0             ; 0               ; 0     ; 0              ; 0            ; 0                ; 0                 ;
; spear_unit|sysc_unit                                                                             ; 211   ; 0              ; 13           ; 0              ; 170    ; 0               ; 0             ; 0               ; 0     ; 0              ; 0            ; 0                ; 0                 ;
; spear_unit|vect_unit                                                                             ; 50    ; 0              ; 0            ; 0              ; 32     ; 0               ; 0             ; 0               ; 0     ; 0              ; 0            ; 0                ; 0                 ;
; spear_unit|brom_unit|\altera_gen:boot_rom_inst|\use_brom_hex:altsyncram_component|auto_generated ; 14    ; 0              ; 0            ; 0              ; 16     ; 0               ; 0             ; 0               ; 0     ; 0              ; 0            ; 0                ; 0                 ;
; spear_unit|brom_unit|\altera_gen:boot_rom_inst                                                   ; 18    ; 0              ; 4            ; 0              ; 16     ; 0               ; 0             ; 0               ; 0     ; 0              ; 0            ; 0                ; 0                 ;
; spear_unit|brom_unit                                                                             ; 34    ; 0              ; 16           ; 0              ; 16     ; 0               ; 0             ; 0               ; 0     ; 0              ; 0            ; 0                ; 0                 ;
; spear_unit|dram_unit|ram3                                                                        ; 42    ; 0              ; 1            ; 0              ; 8      ; 0               ; 0             ; 0               ; 0     ; 0              ; 0            ; 0                ; 0                 ;
; spear_unit|dram_unit|ram2                                                                        ; 42    ; 0              ; 1            ; 0              ; 8      ; 0               ; 0             ; 0               ; 0     ; 0              ; 0            ; 0                ; 0                 ;
; spear_unit|dram_unit|ram1                                                                        ; 42    ; 0              ; 1            ; 0              ; 8      ; 0               ; 0             ; 0               ; 0     ; 0              ; 0            ; 0                ; 0                 ;
; spear_unit|dram_unit|ram0                                                                        ; 42    ; 0              ; 1            ; 0              ; 8      ; 0               ; 0             ; 0               ; 0     ; 0              ; 0            ; 0                ; 0                 ;
; spear_unit|dram_unit                                                                             ; 55    ; 0              ; 0            ; 0              ; 32     ; 0               ; 0             ; 0               ; 0     ; 0              ; 0            ; 0                ; 0                 ;
; spear_unit|regf_unit|ram2                                                                        ; 44    ; 0              ; 0            ; 0              ; 32     ; 0               ; 0             ; 0               ; 0     ; 0              ; 0            ; 0                ; 0                 ;
; spear_unit|regf_unit|ram1                                                                        ; 44    ; 0              ; 0            ; 0              ; 32     ; 0               ; 0             ; 0               ; 0     ; 0              ; 0            ; 0                ; 0                 ;
; spear_unit|regf_unit                                                                             ; 48    ; 0              ; 0            ; 0              ; 64     ; 0               ; 0             ; 0               ; 0     ; 0              ; 0            ; 0                ; 0                 ;
; spear_unit|core_unit                                                                             ; 348   ; 1              ; 1            ; 1              ; 400    ; 1               ; 1             ; 1               ; 0     ; 0              ; 0            ; 0                ; 0                 ;
; spear_unit                                                                                       ; 88    ; 42             ; 0            ; 42             ; 136    ; 42              ; 42            ; 42              ; 0     ; 0              ; 0            ; 0                ; 0                 ;
; altera_pll_inst|altpll_component|auto_generated                                                  ; 3     ; 0              ; 0            ; 0              ; 6      ; 0               ; 0             ; 0               ; 0     ; 0              ; 0            ; 0                ; 0                 ;
; altera_pll_inst                                                                                  ; 2     ; 2              ; 0            ; 2              ; 4      ; 2               ; 2             ; 2               ; 0     ; 0              ; 0            ; 0                ; 0                 ;
+--------------------------------------------------------------------------------------------------+-------+----------------+--------------+----------------+--------+-----------------+---------------+-----------------+-------+----------------+--------------+------------------+-------------------+
